0 		 parameter nu_bar
0.1 		 parameter epsilon

101,1 		 np,nf (ODD Numb of pts per filament(<= NP if ic.dat), Num of filaments : this number must be coherent with the initial condition type set below) 
0.0019 	 ts (Timestep)

10000 		 number of time steps to take
1 		 time steps per plot
50 		 time steps per write to history file

8 		 number of periodic boxes (open filament) 
0 		 initial display mode of filament : 0 for curve, 1 for worm
1,2 		 simulation resolution, rotation resolution

3 		 verbose: Level of diagnostics
gamma_param[0],delta_bar[0],m_flux[0] =1, 1, 0
File written: Wed Sep 18 10:40:42 2002
Comments: 3D 





Ascii values of ux, uy and uz follow
0 1.09606 -0.0689583
0 1.1 0
0 1.09606 0.0689583
0 1.08436 0.136986
0 1.06522 0.203202
0 1.03919 0.266819
0 1.00696 0.327181
0 0.969364 0.383799
0 0.927329 0.436368
0 0.881809 0.484779
0 0.833746 0.529111
0 0.784017 0.569622
0 0.733393 0.606716
0 0.682502 0.640912
0 0.631802 0.672801
0 0.581566 0.702993
0 0.531884 0.732075
0 0.482667 0.760561
0 0.433673 0.788849
0 0.384539 0.817187
0 0.334816 0.845648
0 0.284017 0.874114
0 0.231666 0.902279
0 0.177341 0.929654
0 0.120719 0.955593
0 0.0616139 0.979326
0 -1.60812e-16 1
0 -0.0639671 1.01673
0 -0.129947 1.02864
0 -0.197422 1.03492
0 -0.265714 1.03489
0 -0.334017 1.028
0 -0.401433 1.01391
0 -0.46702 0.992467
0 -0.529834 0.963764
0 -0.588987 0.928095
0 -0.643687 0.885959
0 -0.693282 0.838034
0 -0.737292 0.785137
0 -0.775435 0.728182
0 -0.807633 0.668132
0 -0.834017 0.605949
0 -0.85491 0.542542
0 -0.870804 0.478729
0 -0.882325 0.415191
0 -0.890189 0.352451
0 -0.895155 0.290853
0 -0.897976 0.230561
0 -0.89935 0.17156
0 -0.89987 0.11368
0 -0.899992 0.0566227
0 -0.9 -2.89462e-16
0 -0.899992 -0.0566227
0 -0.89987 -0.11368
0 -0.89935 -0.17156
0 -0.897976 -0.230561
0 -0.895155 -0.290853
0 -0.890189 -0.352451
0 -0.882325 -0.415191
0 -0.870804 -0.478729
0 -0.85491 -0.542542
0 -0.834017 -0.605949
0 -0.807633 -0.668132
0 -0.775435 -0.728182
0 -0.737292 -0.785137
0 -0.693282 -0.838034
0 -0.643687 -0.885959
0 -0.588987 -0.928095
0 -0.529834 -0.963764
0 -0.46702 -0.992467
0 -0.401433 -1.01391
0 -0.334017 -1.028
0 -0.265714 -1.03489
0 -0.197422 -1.03492
0 -0.129947 -1.02864
0 -0.0639671 -1.01673
0 -1.83697e-16 -1
0 0.0616139 -0.979326
0 0.120719 -0.955593
0 0.177341 -0.929654
0 0.231666 -0.902279
0 0.284017 -0.874114
0 0.334816 -0.845648
0 0.384539 -0.817187
0 0.433673 -0.788849
0 0.482667 -0.760561
0 0.531884 -0.732075
0 0.581566 -0.702993
0 0.631802 -0.672801
0 0.682502 -0.640912
0 0.733393 -0.606716
0 0.784017 -0.569622
0 0.833746 -0.529111
0 0.881809 -0.484779
0 0.927329 -0.436368
0 0.969364 -0.383799
0 1.00696 -0.327181
0 1.03919 -0.266819
0 1.06522 -0.203202
0 1.08436 -0.136986
0 1.09606 -0.0689583
0 1.1 7.07574e-16
0 1.09606 0.0689583
Ascii values of ux, uy and uz follow
0.0438278 1.09448 -0.0689594
0.0450038 1.09832 9.80929e-18
0.0447185 1.09441 0.0689594
0.0438756 1.08279 0.136996
0.0425139 1.06376 0.203229
0.040691 1.03783 0.266859
0.0384581 1.00564 0.327204
0.0358271 0.968008 0.383735
0.0327671 0.925875 0.436137
0.0292468 0.880283 0.484352
0.0252958 0.832286 0.52858
0.021042 0.782845 0.569219
0.0167047 0.732748 0.606772
0.0125537 0.68257 0.641761
0.00885901 0.632664 0.674673
0.00585014 0.58318 0.705937
0.00369699 0.534088 0.735929
0.00250767 0.485213 0.764972
0.00233613 0.436269 0.793345
0.00318977 0.386903 0.821265
0.00503079 0.336736 0.848874
0.00777015 0.28539 0.876205
0.011259 0.232516 0.90315
0.0152865 0.177801 0.929429
0.0195927 0.12098 0.954563
0.0239023 0.0618585 0.977861
0.0279735 0.000347365 0.998441
0.0316452 -0.063482 1.01529
0.034857 -0.129351 1.02738
0.0376262 -0.196758 1.03378
0.0399906 -0.265009 1.03375
0.0419545 -0.333276 1.02678
0.0434767 -0.400654 1.01258
0.0444981 -0.466204 0.99106
0.044972 -0.528997 0.962315
0.0448767 -0.588155 0.926654
0.0442167 -0.642892 0.884571
0.0430221 -0.69255 0.836726
0.0413462 -0.736629 0.783912
0.0392461 -0.774803 0.727018
0.0367497 -0.806944 0.666989
0.0338374 -0.833162 0.604804
0.0304714 -0.853838 0.541416
0.0266549 -0.869606 0.477685
0.0224816 -0.881263 0.414309
0.0181435 -0.889648 0.351786
0.0138995 -0.89554 0.290417
0.0100246 -0.899587 0.23032
0.00676509 -0.902285 0.171455
0.00431175 -0.903988 0.113649
0.00279268 -0.904925 0.0566196
0.00227885 -0.905224 -2.88954e-16
0.00279268 -0.904925 -0.0566196
0.00431175 -0.903988 -0.113649
0.00676509 -0.902285 -0.171455
0.0100246 -0.899587 -0.23032
0.0138995 -0.89554 -0.290417
0.0181435 -0.889648 -0.351786
0.0224816 -0.881263 -0.414309
0.0266549 -0.869606 -0.477685
0.0304714 -0.853838 -0.541416
0.0338374 -0.833162 -0.604804
0.0367497 -0.806944 -0.666989
0.0392461 -0.774803 -0.727018
0.0413462 -0.736629 -0.783912
0.0430221 -0.69255 -0.836726
0.0442167 -0.642892 -0.884571
0.0448767 -0.588155 -0.926654
0.044972 -0.528997 -0.962315
0.0444981 -0.466204 -0.99106
0.0434767 -0.400654 -1.01258
0.0419545 -0.333276 -1.02678
0.0399906 -0.265009 -1.03375
0.0376262 -0.196758 -1.03378
0.034857 -0.129351 -1.02738
0.0316452 -0.063482 -1.01529
0.0279735 0.000347365 -0.998441
0.0239023 0.0618585 -0.977861
0.0195927 0.12098 -0.954563
0.0152865 0.177801 -0.929429
0.011259 0.232516 -0.90315
0.00777015 0.28539 -0.876205
0.00503079 0.336736 -0.848874
0.00318977 0.386903 -0.821265
0.00233613 0.436269 -0.793345
0.00250767 0.485213 -0.764972
0.00369699 0.534088 -0.735929
0.00585014 0.58318 -0.705937
0.00885901 0.632664 -0.674673
0.0125537 0.68257 -0.641761
0.0167047 0.732748 -0.606772
0.021042 0.782845 -0.569219
0.0252958 0.832286 -0.52858
0.0292468 0.880283 -0.484352
0.0327671 0.925875 -0.436137
0.0358271 0.968008 -0.383735
0.0384581 1.00564 -0.327204
0.040691 1.03783 -0.266859
0.0425139 1.06376 -0.203229
0.0438756 1.08279 -0.136996
0.0447185 1.09441 -0.0689594
0.0441078 1.09839 1.31882e-17
0.0438278 1.09448 0.0689594
Ascii values of ux, uy and uz follow
0.0883482 1.09034 -0.0689542
0.0896552 1.09424 2.59428e-17
0.0892584 1.09024 0.0689536
0.0879864 1.07835 0.136937
0.0856393 1.05892 0.203027
0.0820119 1.03255 0.266403
0.0770109 1.00007 0.326421
0.0707182 0.962476 0.382688
0.0633811 0.920863 0.435081
0.0553589 0.876295 0.483712
0.0470664 0.829711 0.528841
0.0389283 0.781881 0.570794
0.0313378 0.733395 0.609913
0.0246197 0.684676 0.646527
0.0190113 0.635982 0.68095
0.0146639 0.587418 0.713473
0.0116596 0.538942 0.74438
0.0100352 0.490387 0.773935
0.00980281 0.441486 0.802382
0.0109639 0.391914 0.829923
0.0135107 0.341324 0.856693
0.0174168 0.289389 0.882738
0.0226178 0.235827 0.907995
0.0289879 0.180414 0.932273
0.0363195 0.12299 0.95524
0.0443161 0.0634551 0.976416
0.0526036 0.00178375 0.995169
0.0607633 -0.0619603 1.01072
0.0683725 -0.127585 1.02215
0.0750476 -0.194724 1.02848
0.0804973 -0.262798 1.02879
0.0845803 -0.33102 1.02232
0.0873348 -0.398453 1.00858
0.08894 -0.464094 0.987373
0.0896118 -0.526949 0.958768
0.0894806 -0.586091 0.923081
0.0885186 -0.640695 0.880831
0.0865551 -0.690078 0.832727
0.0833724 -0.73375 0.779646
0.0788293 -0.771472 0.722592
0.0729469 -0.803301 0.662634
0.0659223 -0.829594 0.60081
0.0580841 -0.850928 0.538038
0.0498341 -0.867989 0.475064
0.0415985 -0.88146 0.41245
0.0337853 -0.891962 0.350589
0.0267456 -0.900024 0.289726
0.0207465 -0.906078 0.229972
0.0159667 -0.91046 0.171313
0.0125088 -0.91342 0.113609
0.0104222 -0.91513 0.0566156
0.00972535 -0.915689 -2.86805e-16
0.0104222 -0.91513 -0.0566156
0.0125088 -0.91342 -0.113609
0.0159667 -0.91046 -0.171313
0.0207465 -0.906078 -0.229972
0.0267456 -0.900024 -0.289726
0.0337853 -0.891962 -0.350589
0.0415985 -0.88146 -0.41245
0.0498341 -0.867989 -0.475064
0.0580841 -0.850928 -0.538038
0.0659223 -0.829594 -0.60081
0.0729469 -0.803301 -0.662634
0.0788293 -0.771472 -0.722592
0.0833724 -0.73375 -0.779646
0.0865551 -0.690078 -0.832727
0.0885186 -0.640695 -0.880831
0.0894806 -0.586091 -0.923081
0.0896118 -0.526949 -0.958768
0.08894 -0.464094 -0.987373
0.0873348 -0.398453 -1.00858
0.0845803 -0.33102 -1.02232
0.0804973 -0.262798 -1.02879
0.0750476 -0.194724 -1.02848
0.0683725 -0.127585 -1.02215
0.0607633 -0.0619603 -1.01072
0.0526036 0.00178375 -0.995169
0.0443161 0.0634551 -0.976416
0.0363195 0.12299 -0.95524
0.0289879 0.180414 -0.932273
0.0226178 0.235827 -0.907995
0.0174168 0.289389 -0.882738
0.0135107 0.341324 -0.856693
0.0109639 0.391914 -0.829923
0.00980281 0.441486 -0.802382
0.0100352 0.490387 -0.773935
0.0116596 0.538942 -0.74438
0.0146639 0.587418 -0.713473
0.0190113 0.635982 -0.68095
0.0246197 0.684676 -0.646527
0.0313378 0.733395 -0.609913
0.0389283 0.781881 -0.570794
0.0470664 0.829711 -0.528841
0.0553589 0.876295 -0.483712
0.0633811 0.920863 -0.435081
0.0707182 0.962476 -0.382688
0.0770109 1.00007 -0.326421
0.0820119 1.03255 -0.266403
0.0856393 1.05892 -0.203027
0.0879864 1.07835 -0.136937
0.0892584 1.09024 -0.0689536
0.0887391 1.09433 2.59526e-17
0.0883482 1.09034 0.0689542
Ascii values of ux, uy and uz follow
0.135372 1.08187 -0.0689328
0.137496 1.08581 1.17787e-16
0.136317 1.08161 0.0689328
0.132847 1.06924 0.136755
0.127272 1.04938 0.202519
0.119864 1.02296 0.265543
0.110943 0.991075 0.325429
0.100855 0.954797 0.382007
0.0899774 0.915082 0.435251
0.0787238 0.872735 0.485208
0.0675434 0.828416 0.531966
0.0568937 0.782668 0.575644
0.0471968 0.73595 0.616413
0.0387948 0.688632 0.654488
0.0319207 0.640984 0.690123
0.0266936 0.59315 0.723586
0.0231418 0.545133 0.755144
0.0212444 0.496807 0.785057
0.0209745 0.447937 0.813556
0.0223271 0.398223 0.84083
0.025324 0.347342 0.866994
0.0299924 0.294993 0.892068
0.0363255 0.240926 0.915953
0.0442383 0.184955 0.938431
0.0535367 0.126971 0.959174
0.0639125 0.0669442 0.977769
0.074966 0.00492782 0.993754
0.0862464 -0.0589389 1.00661
0.0972974 -0.124431 1.01577
0.107692 -0.191226 1.02053
0.117042 -0.258874 1.02011
0.124992 -0.326757 1.01367
0.131211 -0.394056 1.00041
0.135408 -0.459757 0.979752
0.137365 -0.522722 0.951449
0.136971 -0.581828 0.915704
0.134249 -0.636136 0.873151
0.129349 -0.68503 0.824759
0.122518 -0.728275 0.771671
0.114064 -0.765977 0.715052
0.104325 -0.798474 0.655961
0.0936664 -0.826212 0.595298
0.0824896 -0.849643 0.533793
0.0712335 -0.869186 0.472017
0.0603573 -0.885225 0.41042
0.0503001 -0.898132 0.349342
0.0414348 -0.908284 0.289033
0.0340327 -0.916043 0.229635
0.0282497 -0.921734 0.171178
0.0241404 -0.925615 0.113572
0.021695 -0.927871 0.0566121
0.0208845 -0.928611 -2.93205e-16
0.021695 -0.927871 -0.0566121
0.0241404 -0.925615 -0.113572
0.0282497 -0.921734 -0.171178
0.0340327 -0.916043 -0.229635
0.0414348 -0.908284 -0.289033
0.0503001 -0.898132 -0.349342
0.0603573 -0.885225 -0.41042
0.0712335 -0.869186 -0.472017
0.0824896 -0.849643 -0.533793
0.0936664 -0.826212 -0.595298
0.104325 -0.798474 -0.655961
0.114064 -0.765977 -0.715052
0.122518 -0.728275 -0.771671
0.129349 -0.68503 -0.824759
0.134249 -0.636136 -0.873151
0.136971 -0.581828 -0.915704
0.137365 -0.522722 -0.951449
0.135408 -0.459757 -0.979752
0.131211 -0.394056 -1.00041
0.124992 -0.326757 -1.01367
0.117042 -0.258874 -1.02011
0.107692 -0.191226 -1.02053
0.0972974 -0.124431 -1.01577
0.0862464 -0.0589389 -1.00661
0.074966 0.00492782 -0.993754
0.0639125 0.0669442 -0.977769
0.0535367 0.126971 -0.959174
0.0442383 0.184955 -0.938431
0.0363255 0.240926 -0.915953
0.0299924 0.294993 -0.892068
0.025324 0.347342 -0.866994
0.0223271 0.398223 -0.84083
0.0209745 0.447937 -0.813556
0.0212444 0.496807 -0.785057
0.0231418 0.545133 -0.755144
0.0266936 0.59315 -0.723586
0.0319207 0.640984 -0.690123
0.0387948 0.688632 -0.654488
0.0471968 0.73595 -0.616413
0.0568937 0.782668 -0.575644
0.0675434 0.828416 -0.531966
0.0787238 0.872735 -0.485208
0.0899774 0.915082 -0.435251
0.100855 0.954797 -0.382007
0.110943 0.991075 -0.325429
0.119864 1.02296 -0.265543
0.127272 1.04938 -0.202519
0.132847 1.06924 -0.136755
0.136317 1.08161 -0.0689328
0.136533 1.08608 1.14077e-16
0.135372 1.08187 0.0689328
Ascii values of ux, uy and uz follow
0.180182 1.06452 -0.0689484
0.182894 1.06774 5.7926e-17
0.181011 1.0641 0.0689489
0.175516 1.0533 0.136904
0.166839 1.03571 0.202979
0.155617 1.01193 0.266491
0.14261 0.982743 0.326999
0.128616 0.948989 0.384303
0.114372 0.911522 0.438375
0.100485 0.871139 0.489288
0.0873988 0.828559 0.537154
0.0754112 0.7844 0.582102
0.064725 0.739157 0.624264
0.055497 0.693192 0.663778
0.0478637 0.646721 0.700786
0.0419452 0.599822 0.735436
0.0378378 0.552451 0.76789
0.0356071 0.504463 0.798318
0.0352873 0.455638 0.826895
0.0368834 0.405717 0.853776
0.0403709 0.354434 0.879081
0.045695 0.301553 0.902874
0.052769 0.246891 0.925143
0.06148 0.190333 0.945779
0.0716962 0.131839 0.964565
0.0832694 0.0714455 0.981161
0.0960167 0.00926256 0.995107
0.109678 -0.0545328 1.00584
0.123862 -0.119701 1.0127
0.138017 -0.185934 1.01497
0.15144 -0.252825 1.01192
0.163345 -0.319827 1.00288
0.172949 -0.38623 0.987323
0.179565 -0.451176 0.964975
0.182683 -0.513721 0.935857
0.182054 -0.572922 0.900273
0.177728 -0.627929 0.858763
0.170049 -0.678078 0.812045
0.159595 -0.722978 0.760959
0.147095 -0.762537 0.706392
0.133343 -0.796933 0.649205
0.119107 -0.826529 0.590177
0.105043 -0.851775 0.529996
0.091651 -0.873135 0.469257
0.0792711 -0.891044 0.408463
0.0681323 -0.905885 0.348016
0.0584023 -0.917979 0.2882
0.0502231 -0.927579 0.229174
0.043721 -0.934873 0.170972
0.039001 -0.939996 0.11351
0.0361394 -0.943035 0.0566056
0.0351807 -0.944043 -3.03018e-16
0.0361394 -0.943035 -0.0566056
0.039001 -0.939996 -0.11351
0.043721 -0.934873 -0.170972
0.0502231 -0.927579 -0.229174
0.0584023 -0.917979 -0.2882
0.0681323 -0.905885 -0.348016
0.0792711 -0.891044 -0.408463
0.091651 -0.873135 -0.469257
0.105043 -0.851775 -0.529996
0.119107 -0.826529 -0.590177
0.133343 -0.796933 -0.649205
0.147095 -0.762537 -0.706392
0.159595 -0.722978 -0.760959
0.170049 -0.678078 -0.812045
0.177728 -0.627929 -0.858763
0.182054 -0.572922 -0.900273
0.182683 -0.513721 -0.935857
0.179565 -0.451176 -0.964975
0.172949 -0.38623 -0.987323
0.163345 -0.319827 -1.00288
0.15144 -0.252825 -1.01192
0.138017 -0.185934 -1.01497
0.123862 -0.119701 -1.0127
0.109678 -0.0545328 -1.00584
0.0960167 0.00926256 -0.995107
0.0832694 0.0714455 -0.981161
0.0716962 0.131839 -0.964565
0.06148 0.190333 -0.945779
0.052769 0.246891 -0.925143
0.045695 0.301553 -0.902874
0.0403709 0.354434 -0.879081
0.0368834 0.405717 -0.853776
0.0352873 0.455638 -0.826895
0.0356071 0.504463 -0.798318
0.0378378 0.552451 -0.76789
0.0419452 0.599822 -0.735436
0.0478637 0.646721 -0.700786
0.055497 0.693192 -0.663778
0.064725 0.739157 -0.624264
0.0754112 0.7844 -0.582102
0.0873988 0.828559 -0.537154
0.100485 0.871139 -0.489288
0.114372 0.911522 -0.438375
0.128616 0.948989 -0.384303
0.14261 0.982743 -0.326999
0.155617 1.01193 -0.266491
0.166839 1.03571 -0.202979
0.175516 1.0533 -0.136904
0.181011 1.0641 -0.0689489
0.182057 1.06817 5.63867e-17
0.180182 1.06452 0.0689484
Ascii values of ux, uy and uz follow
0.217904 1.04198 -0.0689759
0.220682 1.04444 1.13136e-16
0.218579 1.04151 0.0689765
0.212412 1.03274 0.137166
0.20259 1.01821 0.203822
0.189733 0.998106 0.268284
0.174608 0.9728 0.330036
0.158062 0.942805 0.388734
0.140974 0.908743 0.444216
0.124197 0.871272 0.496467
0.108495 0.831045 0.545566
0.094463 0.788674 0.591629
0.0824801 0.744702 0.634775
0.0727014 0.699576 0.675116
0.0651052 0.65362 0.712769
0.0595621 0.607015 0.747875
0.0559055 0.5598 0.78061
0.0539872 0.511885 0.811174
0.0537162 0.463071 0.839769
0.0550788 0.413094 0.866558
0.0581417 0.361675 0.891641
0.0630374 0.308572 0.915029
0.0699317 0.253621 0.936634
0.0789737 0.196757 0.956263
0.0902291 0.138012 0.973615
0.103608 0.0774924 0.988282
0.11881 0.0153562 0.999759
0.135307 -0.0482047 1.00747
0.152383 -0.112953 1.01082
0.169207 -0.178579 1.00921
0.184903 -0.244667 1.00216
0.198606 -0.310696 0.989305
0.209517 -0.376057 0.970529
0.21696 -0.44009 0.945921
0.220447 -0.502113 0.915747
0.219744 -0.561436 0.880369
0.214899 -0.617378 0.840187
0.206235 -0.6693 0.795628
0.194311 -0.716677 0.74717
0.17985 -0.759168 0.695361
0.163681 -0.796658 0.640811
0.146676 -0.829253 0.584142
0.129705 -0.857228 0.525951
0.113568 -0.880958 0.466779
0.0989265 -0.900854 0.407117
0.0862329 -0.917304 0.347397
0.0757145 -0.930648 0.287982
0.0674013 -0.941167 0.229131
0.0611919 -0.949089 0.170979
0.0569247 -0.9546 0.113518
0.0544406 -0.957845 0.0566067
0.053626 -0.958915 -3.41124e-16
0.0544406 -0.957845 -0.0566067
0.0569247 -0.9546 -0.113518
0.0611919 -0.949089 -0.170979
0.0674013 -0.941167 -0.229131
0.0757145 -0.930648 -0.287982
0.0862329 -0.917304 -0.347397
0.0989265 -0.900854 -0.407117
0.113568 -0.880958 -0.466779
0.129705 -0.857228 -0.525951
0.146676 -0.829253 -0.584142
0.163681 -0.796658 -0.640811
0.17985 -0.759168 -0.695361
0.194311 -0.716677 -0.74717
0.206235 -0.6693 -0.795628
0.214899 -0.617378 -0.840187
0.219744 -0.561436 -0.880369
0.220447 -0.502113 -0.915747
0.21696 -0.44009 -0.945921
0.209517 -0.376057 -0.970529
0.198606 -0.310696 -0.989305
0.184903 -0.244667 -1.00216
0.169207 -0.178579 -1.00921
0.152383 -0.112953 -1.01082
0.135307 -0.0482047 -1.00747
0.11881 0.0153562 -0.999759
0.103608 0.0774924 -0.988282
0.0902291 0.138012 -0.973615
0.0789737 0.196757 -0.956263
0.0699317 0.253621 -0.936634
0.0630374 0.308572 -0.915029
0.0581417 0.361675 -0.891641
0.0550788 0.413094 -0.866558
0.0537162 0.463071 -0.839769
0.0539872 0.511885 -0.811174
0.0559055 0.5598 -0.78061
0.0595621 0.607015 -0.747875
0.0651052 0.65362 -0.712769
0.0727014 0.699576 -0.675116
0.0824801 0.744702 -0.634775
0.094463 0.788674 -0.591629
0.108495 0.831045 -0.545566
0.124197 0.871272 -0.496467
0.140974 0.908743 -0.444216
0.158062 0.942805 -0.388734
0.174608 0.9728 -0.330036
0.189733 0.998106 -0.268284
0.20259 1.01821 -0.203822
0.212412 1.03274 -0.137166
0.218579 1.04151 -0.0689765
0.22001 1.04492 1.2103e-16
0.217904 1.04198 0.0689759
Ascii values of ux, uy and uz follow
0.249028 1.01869 -0.0689924
0.251718 1.02073 2.06415e-16
0.2496 1.01822 0.0689927
0.243367 1.01076 0.137331
0.23337 0.998494 0.204416
0.220165 0.981631 0.269732
0.204477 0.96034 0.332843
0.187146 0.934759 0.393375
0.169073 0.905033 0.450997
0.151144 0.871397 0.505429
0.134152 0.834226 0.556469
0.118723 0.79404 0.60402
0.105273 0.751445 0.648104
0.0940146 0.70705 0.688868
0.0850141 0.661379 0.726559
0.07825 0.614805 0.761491
0.0736693 0.567517 0.794003
0.0712205 0.519529 0.824415
0.0708717 0.470701 0.852986
0.0726182 0.420794 0.879882
0.0764833 0.369516 0.905141
0.0825133 0.316582 0.928648
0.0907635 0.261767 0.950122
0.101271 0.204944 0.969129
0.114005 0.146113 0.985115
0.128811 0.0854114 0.99748
0.145341 0.0230927 1.00565
0.163039 -0.0405149 1.00919
0.181159 -0.105051 1.0078
0.198838 -0.170154 1.00136
0.215172 -0.235467 0.989907
0.229292 -0.300612 0.973491
0.240429 -0.365153 0.952184
0.247967 -0.428571 0.926059
0.251481 -0.49028 0.895251
0.250774 -0.549675 0.859993
0.245885 -0.606194 0.820633
0.23709 -0.659365 0.777598
0.224881 -0.70881 0.731325
0.209932 -0.754225 0.682206
0.19305 -0.795343 0.630563
0.175124 -0.831932 0.576685
0.157053 -0.863832 0.520894
0.139669 -0.891006 0.463585
0.123663 -0.913574 0.405239
0.109519 -0.931813 0.346371
0.0975172 -0.946124 0.287464
0.0877636 -0.956977 0.228896
0.0802593 -0.964841 0.170889
0.074957 -0.970134 0.113493
0.0718023 -0.973176 0.0566043
0.0707555 -0.974168 -3.36199e-16
0.0718023 -0.973176 -0.0566043
0.074957 -0.970134 -0.113493
0.0802593 -0.964841 -0.170889
0.0877636 -0.956977 -0.228896
0.0975172 -0.946124 -0.287464
0.109519 -0.931813 -0.346371
0.123663 -0.913574 -0.405239
0.139669 -0.891006 -0.463585
0.157053 -0.863832 -0.520894
0.175124 -0.831932 -0.576685
0.19305 -0.795343 -0.630563
0.209932 -0.754225 -0.682206
0.224881 -0.70881 -0.731325
0.23709 -0.659365 -0.777598
0.245885 -0.606194 -0.820633
0.250774 -0.549675 -0.859993
0.251481 -0.49028 -0.895251
0.247967 -0.428571 -0.926059
0.240429 -0.365153 -0.952184
0.229292 -0.300612 -0.973491
0.215172 -0.235467 -0.989907
0.198838 -0.170154 -1.00136
0.181159 -0.105051 -1.0078
0.163039 -0.0405149 -1.00919
0.145341 0.0230927 -1.00565
0.128811 0.0854114 -0.99748
0.114005 0.146113 -0.985115
0.101271 0.204944 -0.969129
0.0907635 0.261767 -0.950122
0.0825133 0.316582 -0.928648
0.0764833 0.369516 -0.905141
0.0726182 0.420794 -0.879882
0.0708717 0.470701 -0.852986
0.0712205 0.519529 -0.824415
0.0736693 0.567517 -0.794003
0.07825 0.614805 -0.761491
0.0850141 0.661379 -0.726559
0.0940146 0.70705 -0.688868
0.105273 0.751445 -0.648104
0.118723 0.79404 -0.60402
0.134152 0.834226 -0.556469
0.151144 0.871397 -0.505429
0.169073 0.905033 -0.450997
0.187146 0.934759 -0.393375
0.204477 0.96034 -0.332843
0.220165 0.981631 -0.269732
0.23337 0.998494 -0.204416
0.243367 1.01076 -0.137331
0.2496 1.01822 -0.0689927
0.251142 1.02121 2.06989e-16
0.249028 1.01869 0.0689924
Ascii values of ux, uy and uz follow
0.274021 0.995207 -0.069018
0.276425 0.996577 1.57837e-16
0.274446 0.994765 0.0690186
0.268633 0.989261 0.13758
0.259327 0.979877 0.205226
0.24704 0.966355 0.271491
0.232388 0.948465 0.335894
0.216041 0.92611 0.397958
0.198677 0.899387 0.457244
0.180962 0.868583 0.513396
0.163529 0.834116 0.566155
0.146971 0.796476 0.61538
0.131821 0.75618 0.661047
0.118531 0.713732 0.703246
0.107455 0.669579 0.742173
0.0988504 0.624075 0.778097
0.0928834 0.577443 0.811323
0.0896473 0.52976 0.842139
0.0891838 0.480969 0.870771
0.0914984 0.43091 0.897341
0.0965624 0.379365 0.921835
0.104302 0.326114 0.944088
0.114578 0.270979 0.963798
0.127165 0.213869 0.98055
0.141741 0.154801 0.993868
0.157885 0.0939096 1.00326
0.175089 0.0314394 1.00828
0.192779 -0.0322678 1.00854
0.210333 -0.0967983 1.00376
0.227094 -0.161701 0.993803
0.242386 -0.226533 0.978746
0.255533 -0.290908 0.95885
0.265896 -0.354505 0.934527
0.272922 -0.417047 0.906238
0.276204 -0.478245 0.874402
0.275543 -0.537759 0.839345
0.27098 -0.595182 0.801275
0.262788 -0.650042 0.76029
0.25143 -0.701817 0.716411
0.237494 -0.749968 0.669657
0.221636 -0.794003 0.620137
0.204537 -0.833542 0.568107
0.186866 -0.868362 0.513957
0.169271 -0.898402 0.458164
0.152359 -0.92374 0.401228
0.136685 -0.944578 0.343623
0.12273 -0.961218 0.285768
0.110883 -0.974036 0.227989
0.101432 -0.983443 0.170498
0.0945723 -0.98983 0.113379
0.0904192 -0.993522 0.0565928
0.0890293 -0.994728 -3.54429e-16
0.0904192 -0.993522 -0.0565928
0.0945723 -0.98983 -0.113379
0.101432 -0.983443 -0.170498
0.110883 -0.974036 -0.227989
0.12273 -0.961218 -0.285768
0.136685 -0.944578 -0.343623
0.152359 -0.92374 -0.401228
0.169271 -0.898402 -0.458164
0.186866 -0.868362 -0.513957
0.204537 -0.833542 -0.568107
0.221636 -0.794003 -0.620137
0.237494 -0.749968 -0.669657
0.25143 -0.701817 -0.716411
0.262788 -0.650042 -0.76029
0.27098 -0.595182 -0.801275
0.275543 -0.537759 -0.839345
0.276204 -0.478245 -0.874402
0.272922 -0.417047 -0.906238
0.265896 -0.354505 -0.934527
0.255533 -0.290908 -0.95885
0.242386 -0.226533 -0.978746
0.227094 -0.161701 -0.993803
0.210333 -0.0967983 -1.00376
0.192779 -0.0322678 -1.00854
0.175089 0.0314394 -1.00828
0.157885 0.0939096 -1.00326
0.141741 0.154801 -0.993868
0.127165 0.213869 -0.98055
0.114578 0.270979 -0.963798
0.104302 0.326114 -0.944088
0.0965624 0.379365 -0.921835
0.0914984 0.43091 -0.897341
0.0891838 0.480969 -0.870771
0.0896473 0.52976 -0.842139
0.0928834 0.577443 -0.811323
0.0988504 0.624075 -0.778097
0.107455 0.669579 -0.742173
0.118531 0.713732 -0.703246
0.131821 0.75618 -0.661047
0.146971 0.796476 -0.61538
0.163529 0.834116 -0.566155
0.180962 0.868583 -0.513396
0.198677 0.899387 -0.457244
0.216041 0.92611 -0.397958
0.232388 0.948465 -0.335894
0.24704 0.966355 -0.271491
0.259327 0.979877 -0.205226
0.268633 0.989261 -0.13758
0.274446 0.994765 -0.0690186
0.276009 0.997031 1.58614e-16
0.274021 0.995207 0.069018
Ascii values of ux, uy and uz follow
0.29356 0.975977 -0.0690359
0.295392 0.977285 1.52471e-16
0.293941 0.975644 0.069036
0.289587 0.970687 0.137747
0.282346 0.962307 0.205777
0.272289 0.950328 0.272711
0.259601 0.934536 0.338072
0.244633 0.91476 0.401348
0.227931 0.890953 0.46205
0.210203 0.863245 0.519788
0.192255 0.831924 0.574307
0.174903 0.797373 0.625485
0.158887 0.760004 0.673295
0.144817 0.720202 0.71776
0.133138 0.678297 0.75893
0.124129 0.634544 0.796874
0.117929 0.589104 0.831671
0.114586 0.54204 0.863414
0.114109 0.493332 0.892186
0.116496 0.442904 0.918042
0.121746 0.390667 0.940981
0.129829 0.336559 0.960928
0.140642 0.280571 0.977729
0.153956 0.222752 0.991154
0.169383 0.163206 1.00091
0.186366 0.102089 1.00666
0.204204 0.0396106 1.00805
0.222097 -0.0239564 1.00477
0.239227 -0.0882678 0.996663
0.254842 -0.152928 0.983722
0.268339 -0.217533 0.966174
0.2793 -0.281707 0.944396
0.287492 -0.345127 0.918815
0.292812 -0.407514 0.88982
0.295231 -0.468609 0.85771
0.294747 -0.528153 0.822701
0.29136 -0.585863 0.784944
0.285078 -0.641401 0.744539
0.275946 -0.694349 0.701549
0.264105 -0.744208 0.656023
0.249846 -0.79044 0.608044
0.23365 -0.83256 0.55778
0.216178 -0.870233 0.505508
0.198211 -0.903316 0.451586
0.180573 -0.931848 0.396408
0.164037 -0.955987 0.340354
0.14926 -0.97594 0.283765
0.136745 -0.991922 0.226922
0.126824 -1.00413 0.170039
0.119679 -1.01272 0.113246
0.115382 -1.01782 0.0565793
0.11395 -1.01951 -2.18276e-16
0.115382 -1.01782 -0.0565793
0.119679 -1.01272 -0.113246
0.126824 -1.00413 -0.170039
0.136745 -0.991922 -0.226922
0.14926 -0.97594 -0.283765
0.164037 -0.955987 -0.340354
0.180573 -0.931848 -0.396408
0.198211 -0.903316 -0.451586
0.216178 -0.870233 -0.505508
0.23365 -0.83256 -0.55778
0.249846 -0.79044 -0.608044
0.264105 -0.744208 -0.656023
0.275946 -0.694349 -0.701549
0.285078 -0.641401 -0.744539
0.29136 -0.585863 -0.784944
0.294747 -0.528153 -0.822701
0.295231 -0.468609 -0.85771
0.292812 -0.407514 -0.88982
0.287492 -0.345127 -0.918815
0.2793 -0.281707 -0.944396
0.268339 -0.217533 -0.966174
0.254842 -0.152928 -0.983722
0.239227 -0.0882678 -0.996663
0.222097 -0.0239564 -1.00477
0.204204 0.0396106 -1.00805
0.186366 0.102089 -1.00666
0.169383 0.163206 -1.00091
0.153956 0.222752 -0.991154
0.140642 0.280571 -0.977729
0.129829 0.336559 -0.960928
0.121746 0.390667 -0.940981
0.116496 0.442904 -0.918042
0.114109 0.493332 -0.892186
0.114586 0.54204 -0.863414
0.117929 0.589104 -0.831671
0.124129 0.634544 -0.796874
0.133138 0.678297 -0.75893
0.144817 0.720202 -0.71776
0.158887 0.760004 -0.673295
0.174903 0.797373 -0.625485
0.192255 0.831924 -0.574307
0.210203 0.863245 -0.519788
0.227931 0.890953 -0.46205
0.244633 0.91476 -0.401348
0.259601 0.934536 -0.338072
0.272289 0.950328 -0.272711
0.282346 0.962307 -0.205777
0.289587 0.970687 -0.137747
0.293941 0.975644 -0.069036
0.295017 0.977617 1.48534e-16
0.29356 0.975977 0.0690359
Ascii values of ux, uy and uz follow
0.312807 0.960459 -0.0690368
0.314498 0.961897 1.8433e-16
0.313202 0.96016 0.0690367
0.309296 0.954978 0.137758
0.302749 0.946436 0.205838
0.293583 0.934654 0.272935
0.28196 0.919743 0.3387
0.268222 0.901767 0.402786
0.252883 0.880717 0.464851
0.236571 0.856521 0.524552
0.219973 0.829091 0.581539
0.203787 0.798381 0.635474
0.188681 0.76444 0.686056
0.175251 0.727429 0.733058
0.163971 0.687604 0.776349
0.15518 0.645259 0.815906
0.149081 0.600661 0.851795
0.145775 0.553994 0.884121
0.145302 0.505336 0.912978
0.147666 0.454681 0.93839
0.152841 0.401989 0.960279
0.160752 0.347238 0.978462
0.171232 0.290477 0.992686
0.183992 0.231846 1.00269
0.1986 0.171562 1.00829
0.214498 0.109896 1.0094
0.231036 0.0471318 1.0061
0.247521 -0.0164532 0.998561
0.263258 -0.0805986 0.987032
0.277593 -0.145046 0.971758
0.289969 -0.209517 0.952938
0.29998 -0.273692 0.930708
0.307408 -0.337218 0.905157
0.312192 -0.399736 0.876353
0.314354 -0.46091 0.844374
0.313923 -0.520437 0.809336
0.310891 -0.578053 0.771406
0.305225 -0.633513 0.730802
0.296923 -0.68658 0.687791
0.28609 -0.737013 0.642648
0.273007 -0.784552 0.595621
0.258137 -0.828908 0.546894
0.242075 -0.869758 0.496593
0.225495 -0.906755 0.444814
0.209094 -0.939569 0.391671
0.193558 -0.967929 0.337335
0.179509 -0.991678 0.28204
0.167468 -1.01079 0.226067
0.157819 -1.02535 0.169695
0.150807 -1.03555 0.11315
0.146563 -1.04156 0.05657
0.145144 -1.04355 -2.69001e-16
0.146563 -1.04156 -0.05657
0.150807 -1.03555 -0.11315
0.157819 -1.02535 -0.169695
0.167468 -1.01079 -0.226067
0.179509 -0.991678 -0.28204
0.193558 -0.967929 -0.337335
0.209094 -0.939569 -0.391671
0.225495 -0.906755 -0.444814
0.242075 -0.869758 -0.496593
0.258137 -0.828908 -0.546894
0.273007 -0.784552 -0.595621
0.28609 -0.737013 -0.642648
0.296923 -0.68658 -0.687791
0.305225 -0.633513 -0.730802
0.310891 -0.578053 -0.771406
0.313923 -0.520437 -0.809336
0.314354 -0.46091 -0.844374
0.312192 -0.399736 -0.876353
0.307408 -0.337218 -0.905157
0.29998 -0.273692 -0.930708
0.289969 -0.209517 -0.952938
0.277593 -0.145046 -0.971758
0.263258 -0.0805986 -0.987032
0.247521 -0.0164532 -0.998561
0.231036 0.0471318 -1.0061
0.214498 0.109896 -1.0094
0.1986 0.171562 -1.00829
0.183992 0.231846 -1.00269
0.171232 0.290477 -0.992686
0.160752 0.347238 -0.978462
0.152841 0.401989 -0.960279
0.147666 0.454681 -0.93839
0.145302 0.505336 -0.912978
0.145775 0.553994 -0.884121
0.149081 0.600661 -0.851795
0.15518 0.645259 -0.815906
0.163971 0.687604 -0.776349
0.175251 0.727429 -0.733058
0.188681 0.76444 -0.686056
0.203787 0.798381 -0.635474
0.219973 0.829091 -0.581539
0.236571 0.856521 -0.524552
0.252883 0.880717 -0.464851
0.268222 0.901767 -0.402786
0.28196 0.919743 -0.3387
0.293583 0.934654 -0.272935
0.302749 0.946436 -0.205838
0.309296 0.954978 -0.137758
0.313202 0.96016 -0.0690367
0.314101 0.962193 1.84621e-16
0.312807 0.960459 0.0690368
Ascii values of ux, uy and uz follow
0.331917 0.94439 -0.0690373
0.333796 0.945543 1.64207e-16
0.33226 0.94405 0.0690375
0.327755 0.939581 0.137772
0.320577 0.932165 0.205921
0.311156 0.921847 0.273223
0.299983 0.908668 0.339434
0.287527 0.892636 0.404294
0.274207 0.87371 0.467499
0.260408 0.851804 0.528698
0.246537 0.826822 0.587511
0.233045 0.79869 0.643552
0.220415 0.767378 0.696456
0.209123 0.732911 0.745891
0.19958 0.695366 0.791571
0.192097 0.654866 0.833272
0.186881 0.61155 0.87083
0.184046 0.565551 0.904145
0.183639 0.516982 0.933152
0.185668 0.465936 0.957797
0.190099 0.412514 0.97802
0.196844 0.356856 0.993753
0.20573 0.299153 1.00495
0.216481 0.239648 1.01159
0.228715 0.178618 1.01373
0.241974 0.116361 1.01149
0.255771 0.0531788 1.00507
0.269641 -0.0106306 0.994692
0.283164 -0.0747787 0.980645
0.295952 -0.138997 0.963186
0.307603 -0.203038 0.942526
0.317662 -0.26667 0.918807
0.32564 -0.329662 0.892125
0.331077 -0.391773 0.862565
0.333624 -0.452746 0.830234
0.333111 -0.512315 0.795268
0.329572 -0.570217 0.75782
0.323242 -0.626211 0.718057
0.314516 -0.680087 0.676149
0.303872 -0.731652 0.632258
0.291795 -0.7807 0.586529
0.278719 -0.82697 0.539084
0.265037 -0.870134 0.490027
0.251142 -0.90982 0.439463
0.23747 -0.945652 0.387511
0.224499 -0.977281 0.334318
0.212711 -1.00441 0.280061
0.202545 -1.02682 0.224945
0.194347 -1.04433 0.169186
0.188359 -1.05687 0.112996
0.184722 -1.0644 0.056554
0.183504 -1.0669 -3.84817e-16
0.184722 -1.0644 -0.056554
0.188359 -1.05687 -0.112996
0.194347 -1.04433 -0.169186
0.202545 -1.02682 -0.224945
0.212711 -1.00441 -0.280061
0.224499 -0.977281 -0.334318
0.23747 -0.945652 -0.387511
0.251142 -0.90982 -0.439463
0.265037 -0.870134 -0.490027
0.278719 -0.82697 -0.539084
0.291795 -0.7807 -0.586529
0.303872 -0.731652 -0.632258
0.314516 -0.680087 -0.676149
0.323242 -0.626211 -0.718057
0.329572 -0.570217 -0.75782
0.333111 -0.512315 -0.795268
0.333624 -0.452746 -0.830234
0.331077 -0.391773 -0.862565
0.32564 -0.329662 -0.892125
0.317662 -0.26667 -0.918807
0.307603 -0.203038 -0.942526
0.295952 -0.138997 -0.963186
0.283164 -0.0747787 -0.980645
0.269641 -0.0106306 -0.994692
0.255771 0.0531788 -1.00507
0.241974 0.116361 -1.01149
0.228715 0.178618 -1.01373
0.216481 0.239648 -1.01159
0.20573 0.299153 -1.00495
0.196844 0.356856 -0.993753
0.190099 0.412514 -0.97802
0.185668 0.465936 -0.957797
0.183639 0.516982 -0.933152
0.184046 0.565551 -0.904145
0.186881 0.61155 -0.87083
0.192097 0.654866 -0.833272
0.19958 0.695366 -0.791571
0.209123 0.732911 -0.745891
0.220415 0.767378 -0.696456
0.233045 0.79869 -0.643552
0.246537 0.826822 -0.587511
0.260408 0.851804 -0.528698
0.274207 0.87371 -0.467499
0.287527 0.892636 -0.404294
0.299983 0.908668 -0.339434
0.311156 0.921847 -0.273223
0.320577 0.932165 -0.205921
0.327755 0.939581 -0.137772
0.33226 0.94405 -0.0690375
0.333453 0.945894 1.6275e-16
0.331917 0.94439 0.0690373
Ascii values of ux, uy and uz follow
0.346422 0.928267 -0.0690507
0.347945 0.929033 9.16838e-17
0.34667 0.927978 0.0690509
0.342875 0.92476 0.137899
0.336669 0.919233 0.206321
0.328291 0.91121 0.274073
0.318148 0.900499 0.340892
0.306795 0.886927 0.406511
0.294864 0.87034 0.470644
0.282979 0.850598 0.532971
0.271682 0.827585 0.593122
0.261384 0.801218 0.650679
0.252359 0.771464 0.705195
0.244756 0.738341 0.756228
0.238632 0.701916 0.803379
0.233997 0.662291 0.846315
0.230838 0.619583 0.884788
0.229142 0.573909 0.918623
0.2289 0.525385 0.947707
0.23011 0.474127 0.971964
0.23278 0.420279 0.991347
0.236922 0.36403 1.00583
0.242549 0.305632 1.01542
0.249662 0.245405 1.02017
0.258225 0.183716 1.02022
0.268122 0.120957 1.01573
0.279125 0.0575094 1.00696
0.290868 -0.00628786 0.994165
0.30285 -0.0701523 0.977644
0.314468 -0.133859 0.957675
0.325082 -0.19723 0.934536
0.334101 -0.26011 0.908508
0.341066 -0.322365 0.879882
0.345682 -0.383873 0.848953
0.347803 -0.444516 0.815978
0.347378 -0.50416 0.781138
0.344416 -0.56262 0.744517
0.338994 -0.619653 0.706119
0.331303 -0.674961 0.665908
0.321694 -0.728225 0.623846
0.310675 -0.779126 0.579909
0.298865 -0.827341 0.534098
0.2869 -0.872535 0.48644
0.275354 -0.914339 0.437003
0.264686 -0.952354 0.385907
0.255215 -0.986175 0.333328
0.247127 -1.01541 0.27949
0.240508 -1.03974 0.224647
0.235377 -1.05888 0.169058
0.231727 -1.07266 0.112958
0.229545 -1.08096 0.0565501
0.228819 -1.08374 -3.52028e-16
0.229545 -1.08096 -0.0565501
0.231727 -1.07266 -0.112958
0.235377 -1.05888 -0.169058
0.240508 -1.03974 -0.224647
0.247127 -1.01541 -0.27949
0.255215 -0.986175 -0.333328
0.264686 -0.952354 -0.385907
0.275354 -0.914339 -0.437003
0.2869 -0.872535 -0.48644
0.298865 -0.827341 -0.534098
0.310675 -0.779126 -0.579909
0.321694 -0.728225 -0.623846
0.331303 -0.674961 -0.665908
0.338994 -0.619653 -0.706119
0.344416 -0.56262 -0.744517
0.347378 -0.50416 -0.781138
0.347803 -0.444516 -0.815978
0.345682 -0.383873 -0.848953
0.341066 -0.322365 -0.879882
0.334101 -0.26011 -0.908508
0.325082 -0.19723 -0.934536
0.314468 -0.133859 -0.957675
0.30285 -0.0701523 -0.977644
0.290868 -0.00628786 -0.994165
0.279125 0.0575094 -1.00696
0.268122 0.120957 -1.01573
0.258225 0.183716 -1.02022
0.249662 0.245405 -1.02017
0.242549 0.305632 -1.01542
0.236922 0.36403 -1.00583
0.23278 0.420279 -0.991347
0.23011 0.474127 -0.971964
0.2289 0.525385 -0.947707
0.229142 0.573909 -0.918623
0.230838 0.619583 -0.884788
0.233997 0.662291 -0.846315
0.238632 0.701916 -0.803379
0.244756 0.738341 -0.756228
0.252359 0.771464 -0.705195
0.261384 0.801218 -0.650679
0.271682 0.827585 -0.593122
0.282979 0.850598 -0.532971
0.294864 0.87034 -0.470644
0.306795 0.886927 -0.406511
0.318148 0.900499 -0.340892
0.328291 0.91121 -0.274073
0.336669 0.919233 -0.206321
0.342875 0.92476 -0.137899
0.34667 0.927978 -0.0690509
0.347703 0.929325 9.14538e-17
0.346422 0.928267 0.0690507
Ascii values of ux, uy and uz follow
0.357564 0.91479 -0.0690568
0.358887 0.915316 8.06548e-17
0.357747 0.914539 0.0690569
0.354419 0.91217 0.137963
0.349156 0.908089 0.206566
0.342327 0.902098 0.2747
0.334365 0.893914 0.342169
0.325727 0.883185 0.408721
0.31688 0.869492 0.474027
0.308282 0.852385 0.537659
0.30035 0.831454 0.599095
0.293406 0.80643 0.657744
0.287645 0.777254 0.713009
0.283113 0.744087 0.764378
0.27974 0.70724 0.811477
0.277386 0.667075 0.854097
0.275895 0.623919 0.892168
0.275135 0.578 0.925705
0.275029 0.529445 0.954738
0.275566 0.478301 0.979257
0.276801 0.424594 0.999169
0.27885 0.368398 1.01429
0.281866 0.309892 1.02438
0.285999 0.249393 1.02921
0.291349 0.187345 1.02865
0.297913 0.124269 1.02273
0.305546 0.0606723 1.01173
0.313965 -0.00302581 0.996135
0.322778 -0.0665346 0.976536
0.331538 -0.12968 0.953552
0.339777 -0.192367 0.927739
0.347033 -0.254545 0.899563
0.352863 -0.316184 0.869392
0.356871 -0.377248 0.837512
0.35876 -0.437674 0.804126
0.358379 -0.497364 0.769365
0.355759 -0.556182 0.733294
0.351104 -0.61395 0.695909
0.344752 -0.670445 0.657141
0.337117 -0.72538 0.616859
0.328652 -0.77839 0.574895
0.319823 -0.829015 0.531054
0.311094 -0.876692 0.485146
0.302898 -0.920777 0.43704
0.295596 -0.96061 0.386743
0.289428 -0.995603 0.334439
0.284489 -1.02532 0.280485
0.280743 -1.04954 0.225325
0.278067 -1.06821 0.169402
0.276305 -1.0814 0.11307
0.275313 -1.08924 0.0565621
0.274994 -1.09184 -2.00509e-16
0.275313 -1.08924 -0.0565621
0.276305 -1.0814 -0.11307
0.278067 -1.06821 -0.169402
0.280743 -1.04954 -0.225325
0.284489 -1.02532 -0.280485
0.289428 -0.995603 -0.334439
0.295596 -0.96061 -0.386743
0.302898 -0.920777 -0.43704
0.311094 -0.876692 -0.485146
0.319823 -0.829015 -0.531054
0.328652 -0.77839 -0.574895
0.337117 -0.72538 -0.616859
0.344752 -0.670445 -0.657141
0.351104 -0.61395 -0.695909
0.355759 -0.556182 -0.733294
0.358379 -0.497364 -0.769365
0.35876 -0.437674 -0.804126
0.356871 -0.377248 -0.837512
0.352863 -0.316184 -0.869392
0.347033 -0.254545 -0.899563
0.339777 -0.192367 -0.927739
0.331538 -0.12968 -0.953552
0.322778 -0.0665346 -0.976536
0.313965 -0.00302581 -0.996135
0.305546 0.0606723 -1.01173
0.297913 0.124269 -1.02273
0.291349 0.187345 -1.02865
0.285999 0.249393 -1.02921
0.281866 0.309892 -1.02438
0.27885 0.368398 -1.01429
0.276801 0.424594 -0.999169
0.275566 0.478301 -0.979257
0.275029 0.529445 -0.954738
0.275135 0.578 -0.925705
0.275895 0.623919 -0.892168
0.277386 0.667075 -0.854097
0.27974 0.70724 -0.811477
0.283113 0.744087 -0.764378
0.287645 0.777254 -0.713009
0.293406 0.80643 -0.657744
0.30035 0.831454 -0.599095
0.308282 0.852385 -0.537659
0.31688 0.869492 -0.474027
0.325727 0.883185 -0.408721
0.334365 0.893914 -0.342169
0.342327 0.902098 -0.2747
0.349156 0.908089 -0.206566
0.354419 0.91217 -0.137963
0.357747 0.914539 -0.0690569
0.358709 0.915578 8.02758e-17
0.357564 0.91479 0.0690568
Ascii values of ux, uy and uz follow
0.364401 0.904172 -0.0690656
0.365247 0.904344 1.11171e-16
0.364489 0.904008 0.0690657
0.36231 0.90291 0.13805
0.358967 0.900772 0.206861
0.354813 0.897139 0.275376
0.350216 0.891403 0.343409
0.345519 0.882865 0.410669
0.340997 0.870843 0.476741
0.336833 0.854779 0.541086
0.33311 0.834331 0.603082
0.329827 0.809411 0.662093
0.326943 0.780156 0.717542
0.324426 0.746872 0.768972
0.322285 0.70994 0.816077
0.320566 0.669736 0.85869
0.319335 0.626571 0.896761
0.318652 0.580655 0.930302
0.318553 0.5321 0.959337
0.319044 0.480953 0.983852
0.320098 0.427243 1.00376
0.321662 0.371038 1.01891
0.323669 0.3125 1.02907
0.326064 0.251913 1.03397
0.328823 0.189696 1.03343
0.331968 0.126373 1.02734
0.335541 0.0625148 1.01581
0.339563 -0.00134316 0.999148
0.343981 -0.0647796 0.9779
0.348647 -0.127545 0.952779
0.353312 -0.189568 0.92458
0.357654 -0.250917 0.89408
0.361309 -0.311726 0.861947
0.36391 -0.37213 0.828696
0.365162 -0.432213 0.794666
0.364908 -0.491978 0.760033
0.363181 -0.55134 0.72481
0.36019 -0.610117 0.688855
0.356265 -0.668017 0.651878
0.351775 -0.724617 0.613472
0.347078 -0.779361 0.573177
0.342471 -0.831576 0.530571
0.338174 -0.880522 0.485376
0.3343 -0.925471 0.437527
0.330875 -0.965779 0.387195
0.327863 -1.00096 0.33474
0.325225 -1.0307 0.280638
0.322955 -1.05489 0.225383
0.321088 -1.07352 0.169416
0.319687 -1.0867 0.113071
0.318816 -1.09455 0.0565621
0.31852 -1.09715 -3.73478e-16
0.318816 -1.09455 -0.0565621
0.319687 -1.0867 -0.113071
0.321088 -1.07352 -0.169416
0.322955 -1.05489 -0.225383
0.325225 -1.0307 -0.280638
0.327863 -1.00096 -0.33474
0.330875 -0.965779 -0.387195
0.3343 -0.925471 -0.437527
0.338174 -0.880522 -0.485376
0.342471 -0.831576 -0.530571
0.347078 -0.779361 -0.573177
0.351775 -0.724617 -0.613472
0.356265 -0.668017 -0.651878
0.36019 -0.610117 -0.688855
0.363181 -0.55134 -0.72481
0.364908 -0.491978 -0.760033
0.365162 -0.432213 -0.794666
0.36391 -0.37213 -0.828696
0.361309 -0.311726 -0.861947
0.357654 -0.250917 -0.89408
0.353312 -0.189568 -0.92458
0.348647 -0.127545 -0.952779
0.343981 -0.0647796 -0.9779
0.339563 -0.00134316 -0.999148
0.335541 0.0625148 -1.01581
0.331968 0.126373 -1.02734
0.328823 0.189696 -1.03343
0.326064 0.251913 -1.03397
0.323669 0.3125 -1.02907
0.321662 0.371038 -1.01891
0.320098 0.427243 -1.00376
0.319044 0.480953 -0.983852
0.318553 0.5321 -0.959337
0.318652 0.580655 -0.930302
0.319335 0.626571 -0.896761
0.320566 0.669736 -0.85869
0.322285 0.70994 -0.816077
0.324426 0.746872 -0.768972
0.326943 0.780156 -0.717542
0.329827 0.809411 -0.662093
0.33311 0.834331 -0.603082
0.336833 0.854779 -0.541086
0.340997 0.870843 -0.476741
0.345519 0.882865 -0.410669
0.350216 0.891403 -0.343409
0.354813 0.897139 -0.275376
0.358967 0.900772 -0.206861
0.36231 0.90291 -0.13805
0.364489 0.904008 -0.0690657
0.365169 0.904518 1.11708e-16
0.364401 0.904172 0.0690656
Ascii values of ux, uy and uz follow
0.366925 0.900023 -0.0690707
0.366866 0.900095 1.12464e-16
0.366958 0.90004 0.0690706
0.367218 0.899691 0.138097
0.367591 0.898542 0.207011
0.367978 0.895861 0.275695
0.368252 0.89083 0.343938
0.368304 0.882683 0.41141
0.368083 0.870807 0.477663
0.36761 0.854788 0.542152
0.366962 0.834421 0.604283
0.366238 0.809685 0.663457
0.365524 0.780704 0.71912
0.364887 0.747718 0.7708
0.364361 0.711042 0.81815
0.363961 0.671019 0.860965
0.36369 0.627957 0.899172
0.363545 0.582086 0.932782
0.363525 0.533538 0.961826
0.363628 0.482364 0.98629
0.363856 0.428597 1.00608
0.364213 0.372312 1.021
0.364698 0.313686 1.03083
0.365301 0.253026 1.03536
0.365995 0.190756 1.03446
0.366725 0.127387 1.02809
0.367409 0.0634626 1.01639
0.36795 -0.000491565 0.999619
0.368261 -0.0640254 0.978206
0.368298 -0.12682 0.952726
0.368088 -0.188729 0.9239
0.367725 -0.249796 0.892539
0.367334 -0.310211 0.859472
0.367028 -0.370238 0.825445
0.366876 -0.430105 0.791014
0.366907 -0.489917 0.756463
0.367115 -0.549609 0.721758
0.36746 -0.608927 0.686577
0.367855 -0.667451 0.650385
0.368181 -0.724626 0.612575
0.368316 -0.779804 0.572599
0.368187 -0.832293 0.530081
0.367792 -0.881404 0.484861
0.367192 -0.926497 0.436996
0.366482 -0.967009 0.386716
0.365756 -1.00248 0.334379
0.365088 -1.03259 0.280414
0.364522 -1.05713 0.225273
0.36408 -1.07606 0.169375
0.363766 -1.08944 0.113061
0.36358 -1.09739 0.0565612
0.363518 -1.10003 -2.55763e-16
0.36358 -1.09739 -0.0565612
0.363766 -1.08944 -0.113061
0.36408 -1.07606 -0.169375
0.364522 -1.05713 -0.225273
0.365088 -1.03259 -0.280414
0.365756 -1.00248 -0.334379
0.366482 -0.967009 -0.386716
0.367192 -0.926497 -0.436996
0.367792 -0.881404 -0.484861
0.368187 -0.832293 -0.530081
0.368316 -0.779804 -0.572599
0.368181 -0.724626 -0.612575
0.367855 -0.667451 -0.650385
0.36746 -0.608927 -0.686577
0.367115 -0.549609 -0.721758
0.366907 -0.489917 -0.756463
0.366876 -0.430105 -0.791014
0.367028 -0.370238 -0.825445
0.367334 -0.310211 -0.859472
0.367725 -0.249796 -0.892539
0.368088 -0.188729 -0.9239
0.368298 -0.12682 -0.952726
0.368261 -0.0640254 -0.978206
0.36795 -0.000491565 -0.999619
0.367409 0.0634626 -1.01639
0.366725 0.127387 -1.02809
0.365995 0.190756 -1.03446
0.365301 0.253026 -1.03536
0.364698 0.313686 -1.03083
0.364213 0.372312 -1.021
0.363856 0.428597 -1.00608
0.363628 0.482364 -0.98629
0.363525 0.533538 -0.961826
0.363545 0.582086 -0.932782
0.36369 0.627957 -0.899172
0.363961 0.671019 -0.860965
0.364361 0.711042 -0.81815
0.364887 0.747718 -0.7708
0.365524 0.780704 -0.71912
0.366238 0.809685 -0.663457
0.366962 0.834421 -0.604283
0.36761 0.854788 -0.542152
0.368083 0.870807 -0.477663
0.368304 0.882683 -0.41141
0.368252 0.89083 -0.343938
0.367978 0.895861 -0.275695
0.367591 0.898542 -0.207011
0.367218 0.899691 -0.138097
0.366958 0.90004 -0.0690706
0.366854 0.900077 1.12551e-16
0.366925 0.900023 0.0690707
Ascii values of ux, uy and uz follow
0.370674 0.905239 -0.0690642
0.370044 0.905982 1.28405e-16
0.370808 0.905402 0.0690641
0.373007 0.90364 0.138034
0.376377 0.900596 0.206809
0.380544 0.896046 0.275269
0.385091 0.889586 0.34324
0.389616 0.880648 0.41046
0.393798 0.868582 0.476547
0.397428 0.852788 0.540991
0.400427 0.832838 0.603188
0.402814 0.808533 0.662497
0.404667 0.779904 0.718316
0.406077 0.747167 0.770139
0.407127 0.710653 0.817604
0.407879 0.670727 0.860506
0.408373 0.62772 0.898773
0.408633 0.581875 0.932416
0.40867 0.533329 0.961465
0.408485 0.482143 0.985902
0.408071 0.428353 1.00562
0.407409 0.372042 1.02044
0.406464 0.313394 1.0301
0.405182 0.252726 1.03438
0.403487 0.190481 1.03311
0.401288 0.127191 1.02632
0.398499 0.0634028 1.01419
0.395076 -0.000390941 0.997155
0.391061 -0.0638277 0.975828
0.386619 -0.126711 0.950963
0.382038 -0.188997 0.923335
0.377698 -0.25073 0.893621
0.374017 -0.31197 0.862319
0.371392 -0.37274 0.829743
0.37013 -0.433018 0.796061
0.370386 -0.492742 0.761356
0.372128 -0.551826 0.725671
0.375145 -0.610155 0.688994
0.379092 -0.667542 0.651229
0.383559 -0.723684 0.612155
0.388132 -0.778126 0.571438
0.392458 -0.830253 0.528696
0.396287 -0.879346 0.483617
0.399498 -0.924655 0.43606
0.402083 -0.96549 0.386104
0.404103 -1.00129 0.334023
0.405651 -1.03166 0.280228
0.406813 -1.05641 0.225187
0.407659 -1.07548 0.169342
0.408236 -1.08895 0.113052
0.408572 -1.09696 0.0565603
0.408682 -1.09961 -2.44747e-16
0.408572 -1.09696 -0.0565603
0.408236 -1.08895 -0.113052
0.407659 -1.07548 -0.169342
0.406813 -1.05641 -0.225187
0.405651 -1.03166 -0.280228
0.404103 -1.00129 -0.334023
0.402083 -0.96549 -0.386104
0.399498 -0.924655 -0.43606
0.396287 -0.879346 -0.483617
0.392458 -0.830253 -0.528696
0.388132 -0.778126 -0.571438
0.383559 -0.723684 -0.612155
0.379092 -0.667542 -0.651229
0.375145 -0.610155 -0.688994
0.372128 -0.551826 -0.725671
0.370386 -0.492742 -0.761356
0.37013 -0.433018 -0.796061
0.371392 -0.37274 -0.829743
0.374017 -0.31197 -0.862319
0.377698 -0.25073 -0.893621
0.382038 -0.188997 -0.923335
0.386619 -0.126711 -0.950963
0.391061 -0.0638277 -0.975828
0.395076 -0.000390941 -0.997155
0.398499 0.0634028 -1.01419
0.401288 0.127191 -1.02632
0.403487 0.190481 -1.03311
0.405182 0.252726 -1.03438
0.406464 0.313394 -1.0301
0.407409 0.372042 -1.02044
0.408071 0.428353 -1.00562
0.408485 0.482143 -0.985902
0.40867 0.533329 -0.961465
0.408633 0.581875 -0.932416
0.408373 0.62772 -0.898773
0.407879 0.670727 -0.860506
0.407127 0.710653 -0.817604
0.406077 0.747167 -0.770139
0.404667 0.779904 -0.718316
0.402814 0.808533 -0.662497
0.400427 0.832838 -0.603188
0.397428 0.852788 -0.540991
0.393798 0.868582 -0.476547
0.389616 0.880648 -0.41046
0.385091 0.889586 -0.34324
0.380544 0.896046 -0.275269
0.376377 0.900596 -0.206809
0.373007 0.90364 -0.138034
0.370808 0.905402 -0.0690641
0.369913 0.905808 1.29151e-16
0.370674 0.905239 0.0690642
Ascii values of ux, uy and uz follow
0.379164 0.914529 -0.0690588
0.378404 0.915603 1.32995e-16
0.379364 0.914742 0.0690587
0.382186 0.912126 0.137979
0.386706 0.907651 0.20661
0.392682 0.901146 0.274777
0.399806 0.892383 0.342267
0.407702 0.88109 0.408818
0.415927 0.866965 0.474112
0.423997 0.849688 0.537768
0.43146 0.828949 0.599328
0.437964 0.804492 0.658265
0.443316 0.776167 0.714013
0.447475 0.743971 0.766027
0.450522 0.708046 0.813855
0.452609 0.668626 0.857178
0.453907 0.625971 0.895818
0.454557 0.580304 0.929698
0.454647 0.53178 0.958784
0.45419 0.480504 0.983027
0.453121 0.42657 1.00233
0.451316 0.370128 1.01654
0.448608 0.311425 1.0255
0.444833 0.250819 1.02915
0.439881 0.188757 1.02752
0.433747 0.125714 1.02084
0.426572 0.0621278 1.00948
0.418658 -0.001641 0.99391
0.410431 -0.0653244 0.974625
0.402372 -0.128731 0.952108
0.394946 -0.191722 0.926795
0.388551 -0.254198 0.899072
0.383515 -0.316084 0.869265
0.380104 -0.377313 0.837634
0.378511 -0.437812 0.804366
0.378832 -0.497489 0.769581
0.381047 -0.556217 0.733338
0.385025 -0.613833 0.69564
0.390546 -0.670117 0.65644
0.397325 -0.724793 0.615657
0.40501 -0.777519 0.573187
0.413178 -0.827888 0.528926
0.421354 -0.875434 0.48278
0.429064 -0.919624 0.43469
0.435918 -0.959878 0.384666
0.441666 -0.995618 0.332822
0.446218 -1.02633 0.279392
0.449621 -1.05165 0.224704
0.45201 -1.07135 0.169123
0.453552 -1.08537 0.112986
0.454405 -1.09375 0.0565535
0.454677 -1.09653 -3.66338e-16
0.454405 -1.09375 -0.0565535
0.453552 -1.08537 -0.112986
0.45201 -1.07135 -0.169123
0.449621 -1.05165 -0.224704
0.446218 -1.02633 -0.279392
0.441666 -0.995618 -0.332822
0.435918 -0.959878 -0.384666
0.429064 -0.919624 -0.43469
0.421354 -0.875434 -0.48278
0.413178 -0.827888 -0.528926
0.40501 -0.777519 -0.573187
0.397325 -0.724793 -0.615657
0.390546 -0.670117 -0.65644
0.385025 -0.613833 -0.69564
0.381047 -0.556217 -0.733338
0.378832 -0.497489 -0.769581
0.378511 -0.437812 -0.804366
0.380104 -0.377313 -0.837634
0.383515 -0.316084 -0.869265
0.388551 -0.254198 -0.899072
0.394946 -0.191722 -0.926795
0.402372 -0.128731 -0.952108
0.410431 -0.0653244 -0.974625
0.418658 -0.001641 -0.99391
0.426572 0.0621278 -1.00948
0.433747 0.125714 -1.02084
0.439881 0.188757 -1.02752
0.444833 0.250819 -1.02915
0.448608 0.311425 -1.0255
0.451316 0.370128 -1.01654
0.453121 0.42657 -1.00233
0.45419 0.480504 -0.983027
0.454647 0.53178 -0.958784
0.454557 0.580304 -0.929698
0.453907 0.625971 -0.895818
0.452609 0.668626 -0.857178
0.450522 0.708046 -0.813855
0.447475 0.743971 -0.766027
0.443316 0.776167 -0.714013
0.437964 0.804492 -0.658265
0.43146 0.828949 -0.599328
0.423997 0.849688 -0.537768
0.415927 0.866965 -0.474112
0.407702 0.88109 -0.408818
0.399806 0.892383 -0.342267
0.392682 0.901146 -0.274777
0.386706 0.907651 -0.20661
0.382186 0.912126 -0.137979
0.379364 0.914742 -0.0690587
0.378208 0.915384 1.3009e-16
0.379164 0.914529 0.0690588
Ascii values of ux, uy and uz follow
0.390561 0.926275 -0.0690523
0.389659 0.92764 1.44576e-16
0.390817 0.926534 0.0690522
0.394236 0.923189 0.137913
0.399763 0.917521 0.206383
0.407147 0.909396 0.274237
0.416057 0.898647 0.341227
0.426081 0.885114 0.407069
0.436758 0.868653 0.471455
0.447621 0.849146 0.534042
0.458244 0.826492 0.594453
0.468272 0.800599 0.652272
0.477426 0.771397 0.707064
0.485481 0.738843 0.758393
0.492251 0.702936 0.805851
0.497572 0.66372 0.849083
0.501305 0.621282 0.887802
0.503347 0.575738 0.921792
0.503641 0.527228 0.9509
0.502177 0.475914 0.975025
0.498998 0.421986 0.994105
0.494193 0.365673 1.00813
0.487889 0.307254 1.01714
0.480243 0.247044 1.02126
0.471433 0.185393 1.02068
0.461668 0.122657 1.01562
0.451208 0.0591852 1.00637
0.44038 -0.004699 0.993209
0.429591 -0.068706 0.976421
0.419297 -0.132586 0.956277
0.409967 -0.196127 0.933055
0.402032 -0.259157 0.907035
0.395855 -0.321533 0.878493
0.391711 -0.383129 0.847672
0.389788 -0.443817 0.814767
0.390174 -0.503452 0.779911
0.392853 -0.561865 0.743193
0.3977 -0.618854 0.704654
0.404498 -0.674174 0.664299
0.412942 -0.727537 0.622111
0.422644 -0.778623 0.57808
0.433156 -0.8271 0.532228
0.444007 -0.872616 0.484611
0.454753 -0.914803 0.435319
0.465014 -0.953263 0.384473
0.474487 -0.987584 0.332219
0.48293 -1.01736 0.278731
0.490148 -1.04222 0.224205
0.495968 -1.06185 0.168853
0.500244 -1.07602 0.112895
0.502859 -1.08458 0.0565435
0.503739 -1.08744 -4.83323e-16
0.502859 -1.08458 -0.0565435
0.500244 -1.07602 -0.112895
0.495968 -1.06185 -0.168853
0.490148 -1.04222 -0.224205
0.48293 -1.01736 -0.278731
0.474487 -0.987584 -0.332219
0.465014 -0.953263 -0.384473
0.454753 -0.914803 -0.435319
0.444007 -0.872616 -0.484611
0.433156 -0.8271 -0.532228
0.422644 -0.778623 -0.57808
0.412942 -0.727537 -0.622111
0.404498 -0.674174 -0.664299
0.3977 -0.618854 -0.704654
0.392853 -0.561865 -0.743193
0.390174 -0.503452 -0.779911
0.389788 -0.443817 -0.814767
0.391711 -0.383129 -0.847672
0.395855 -0.321533 -0.878493
0.402032 -0.259157 -0.907035
0.409967 -0.196127 -0.933055
0.419297 -0.132586 -0.956277
0.429591 -0.068706 -0.976421
0.44038 -0.004699 -0.993209
0.451208 0.0591852 -1.00637
0.461668 0.122657 -1.01562
0.471433 0.185393 -1.02068
0.480243 0.247044 -1.02126
0.487889 0.307254 -1.01714
0.494193 0.365673 -1.00813
0.498998 0.421986 -0.994105
0.502177 0.475914 -0.975025
0.503641 0.527228 -0.9509
0.503347 0.575738 -0.921792
0.501305 0.621282 -0.887802
0.497572 0.66372 -0.849083
0.492251 0.702936 -0.805851
0.485481 0.738843 -0.758393
0.477426 0.771397 -0.707064
0.468272 0.800599 -0.652272
0.458244 0.826492 -0.594453
0.447621 0.849146 -0.534042
0.436758 0.868653 -0.471455
0.426081 0.885114 -0.407069
0.416057 0.898647 -0.341227
0.407147 0.909396 -0.274237
0.399763 0.917521 -0.206383
0.394236 0.923189 -0.137913
0.390817 0.926534 -0.0690522
0.389407 0.927375 1.41914e-16
0.390561 0.926275 0.0690523
Ascii values of ux, uy and uz follow
0.404967 0.940147 -0.0690437
0.403996 0.941872 1.52998e-16
0.405294 0.940436 0.0690436
0.409111 0.936144 0.137832
0.415238 0.929046 0.206116
0.42339 0.919203 0.273655
0.433268 0.906662 0.340195
0.444592 0.891407 0.405448
0.457078 0.87333 0.46907
0.470389 0.852247 0.530666
0.484086 0.827942 0.589802
0.49764 0.800243 0.646044
0.510479 0.769087 0.698989
0.522057 0.734537 0.7483
0.53191 0.696767 0.793728
0.539681 0.656002 0.835117
0.545127 0.612469 0.872391
0.548098 0.566348 0.905524
0.548525 0.517762 0.934502
0.546397 0.466789 0.959291
0.541764 0.413496 0.979806
0.534746 0.35798 0.995917
0.525553 0.300396 1.00747
0.514503 0.240969 1.01432
0.502027 0.179987 1.01641
0.488648 0.11777 1.0138
0.474936 0.0546402 1.00671
0.461443 -0.0091025 0.995463
0.44864 -0.0731839 0.980468
0.436895 -0.137349 0.962105
0.426505 -0.201353 0.940672
0.417745 -0.264953 0.916359
0.410909 -0.327907 0.889273
0.406294 -0.389974 0.859482
0.404141 -0.450914 0.82706
0.404575 -0.510493 0.792109
0.407569 -0.568491 0.754763
0.412955 -0.624711 0.71518
0.420466 -0.678973 0.673536
0.429801 -0.73109 0.630001
0.440673 -0.780831 0.58472
0.452806 -0.827877 0.537791
0.465885 -0.871818 0.489262
0.479509 -0.912179 0.43916
0.493173 -0.948486 0.387537
0.506313 -0.980323 0.33451
0.518368 -1.00739 0.280278
0.528841 -1.02951 0.225105
0.537339 -1.04663 0.16927
0.543581 -1.05879 0.113023
0.547388 -1.06604 0.0565569
0.548667 -1.06845 -5.77204e-16
0.547388 -1.06604 -0.0565569
0.543581 -1.05879 -0.113023
0.537339 -1.04663 -0.16927
0.528841 -1.02951 -0.225105
0.518368 -1.00739 -0.280278
0.506313 -0.980323 -0.33451
0.493173 -0.948486 -0.387537
0.479509 -0.912179 -0.43916
0.465885 -0.871818 -0.489262
0.452806 -0.827877 -0.537791
0.440673 -0.780831 -0.58472
0.429801 -0.73109 -0.630001
0.420466 -0.678973 -0.673536
0.412955 -0.624711 -0.71518
0.407569 -0.568491 -0.754763
0.404575 -0.510493 -0.792109
0.404141 -0.450914 -0.82706
0.406294 -0.389974 -0.859482
0.410909 -0.327907 -0.889273
0.417745 -0.264953 -0.916359
0.426505 -0.201353 -0.940672
0.436895 -0.137349 -0.962105
0.44864 -0.0731839 -0.980468
0.461443 -0.0091025 -0.995463
0.474936 0.0546402 -1.00671
0.488648 0.11777 -1.0138
0.502027 0.179987 -1.01641
0.514503 0.240969 -1.01432
0.525553 0.300396 -1.00747
0.534746 0.35798 -0.995917
0.541764 0.413496 -0.979806
0.546397 0.466789 -0.959291
0.548525 0.517762 -0.934502
0.548098 0.566348 -0.905524
0.545127 0.612469 -0.872391
0.539681 0.656002 -0.835117
0.53191 0.696767 -0.793728
0.522057 0.734537 -0.7483
0.510479 0.769087 -0.698989
0.49764 0.800243 -0.646044
0.484086 0.827942 -0.589802
0.470389 0.852247 -0.530666
0.457078 0.87333 -0.46907
0.444592 0.891407 -0.405448
0.433268 0.906662 -0.340195
0.42339 0.919203 -0.273655
0.415238 0.929046 -0.206116
0.409111 0.936144 -0.137832
0.405294 0.940436 -0.0690436
0.403669 0.941575 1.55612e-16
0.404967 0.940147 0.0690437
Ascii values of ux, uy and uz follow
0.422071 0.95383 -0.0690468
0.421266 0.955513 7.70136e-17
0.422401 0.954097 0.0690469
0.425867 0.949813 0.137854
0.431805 0.942576 0.20614
0.440322 0.932277 0.273566
0.451375 0.918809 0.339739
0.464696 0.902063 0.404245
0.479785 0.881921 0.466672
0.495967 0.858262 0.526623
0.512472 0.831022 0.583728
0.528524 0.80024 0.637662
0.54342 0.766085 0.688162
0.556584 0.728833 0.735048
0.567583 0.688812 0.778232
0.576128 0.646345 0.817712
0.582048 0.601687 0.853555
0.585254 0.554999 0.885862
0.585714 0.506339 0.914716
0.583421 0.45569 0.940146
0.578399 0.403006 0.962091
0.570715 0.348263 0.980393
0.560508 0.291502 0.994815
0.548025 0.232856 1.00508
0.533649 0.17254 1.01093
0.517909 0.110836 1.01217
0.501472 0.048052 1.00875
0.485095 -0.0155042 1.00075
0.46956 -0.0795413 0.98838
0.455584 -0.143776 0.971921
0.443733 -0.207917 0.951688
0.434355 -0.271658 0.927986
0.427564 -0.334706 0.901107
0.423291 -0.396802 0.871325
0.421391 -0.457736 0.838876
0.421769 -0.517319 0.803932
0.424444 -0.575341 0.766598
0.429542 -0.631539 0.726946
0.437195 -0.685582 0.685044
0.447421 -0.737091 0.640987
0.46003 -0.785656 0.594888
0.474598 -0.830861 0.546854
0.490498 -0.872293 0.496981
0.506983 -0.909581 0.445379
0.523269 -0.942426 0.392221
0.538622 -0.970644 0.337758
0.552418 -0.994177 0.282308
0.564178 -1.01308 0.226205
0.573565 -1.02749 0.169751
0.580373 -1.0376 0.113165
0.58449 -1.04358 0.0565714
0.585867 -1.04556 -5.64371e-16
0.58449 -1.04358 -0.0565714
0.580373 -1.0376 -0.113165
0.573565 -1.02749 -0.169751
0.564178 -1.01308 -0.226205
0.552418 -0.994177 -0.282308
0.538622 -0.970644 -0.337758
0.523269 -0.942426 -0.392221
0.506983 -0.909581 -0.445379
0.490498 -0.872293 -0.496981
0.474598 -0.830861 -0.546854
0.46003 -0.785656 -0.594888
0.447421 -0.737091 -0.640987
0.437195 -0.685582 -0.685044
0.429542 -0.631539 -0.726946
0.424444 -0.575341 -0.766598
0.421769 -0.517319 -0.803932
0.421391 -0.457736 -0.838876
0.423291 -0.396802 -0.871325
0.427564 -0.334706 -0.901107
0.434355 -0.271658 -0.927986
0.443733 -0.207917 -0.951688
0.455584 -0.143776 -0.971921
0.46956 -0.0795413 -0.98838
0.485095 -0.0155042 -1.00075
0.501472 0.048052 -1.00875
0.517909 0.110836 -1.01217
0.533649 0.17254 -1.01093
0.548025 0.232856 -1.00508
0.560508 0.291502 -0.994815
0.570715 0.348263 -0.980393
0.578399 0.403006 -0.962091
0.583421 0.45569 -0.940146
0.585714 0.506339 -0.914716
0.585254 0.554999 -0.885862
0.582048 0.601687 -0.853555
0.576128 0.646345 -0.817712
0.567583 0.688812 -0.778232
0.556584 0.728833 -0.735048
0.54342 0.766085 -0.688162
0.528524 0.80024 -0.637662
0.512472 0.831022 -0.583728
0.495967 0.858262 -0.526623
0.479785 0.881921 -0.466672
0.464696 0.902063 -0.404245
0.451375 0.918809 -0.339739
0.440322 0.932277 -0.273566
0.431805 0.942576 -0.20614
0.425867 0.949813 -0.137854
0.422401 0.954097 -0.0690469
0.420941 0.955255 7.63095e-17
0.422071 0.95383 0.0690468
Ascii values of ux, uy and uz follow
0.437842 0.969413 -0.0690381
0.436512 0.971137 2.38909e-17
0.438163 0.969784 0.0690377
0.443061 0.965624 0.137765
0.451044 0.958382 0.205843
0.461842 0.947687 0.272879
0.47508 0.933157 0.338423
0.490278 0.9145 0.401983
0.506861 0.891587 0.463061
0.524179 0.864501 0.521216
0.541539 0.833531 0.576125
0.558238 0.799109 0.627606
0.573621 0.761721 0.675609
0.58713 0.721831 0.720169
0.598347 0.679825 0.761365
0.607006 0.63599 0.799296
0.612968 0.590499 0.834067
0.616184 0.543412 0.865789
0.616643 0.494702 0.894558
0.614346 0.44428 0.920435
0.609296 0.392045 0.943422
0.601527 0.337918 0.963441
0.59114 0.281873 0.980322
0.578356 0.223946 0.993798
0.563542 0.164239 1.00352
0.547212 0.102926 1.00907
0.529996 0.0402653 1.01004
0.512586 -0.0233978 1.00611
0.495683 -0.0876497 0.997097
0.479955 -0.15206 0.983086
0.466005 -0.216238 0.964368
0.454347 -0.279875 0.941407
0.44539 -0.342746 0.91475
0.439441 -0.404688 0.884935
0.436696 -0.465552 0.852414
0.437247 -0.525144 0.817489
0.441076 -0.583184 0.780283
0.448055 -0.639275 0.740767
0.457951 -0.692921 0.698824
0.470424 -0.743555 0.654334
0.485028 -0.790592 0.60725
0.501218 -0.833503 0.557657
0.518367 -0.871889 0.505799
0.535791 -0.905543 0.452053
0.552787 -0.934464 0.396875
0.568676 -0.958813 0.340725
0.582864 -0.978838 0.284011
0.594882 -0.994809 0.227058
0.604415 -1.00697 0.170098
0.611284 -1.0155 0.113263
0.615418 -1.02057 0.056581
0.616796 -1.02225 -5.33587e-16
0.615418 -1.02057 -0.056581
0.611284 -1.0155 -0.113263
0.604415 -1.00697 -0.170098
0.594882 -0.994809 -0.227058
0.582864 -0.978838 -0.284011
0.568676 -0.958813 -0.340725
0.552787 -0.934464 -0.396875
0.535791 -0.905543 -0.452053
0.518367 -0.871889 -0.505799
0.501218 -0.833503 -0.557657
0.485028 -0.790592 -0.60725
0.470424 -0.743555 -0.654334
0.457951 -0.692921 -0.698824
0.448055 -0.639275 -0.740767
0.441076 -0.583184 -0.780283
0.437247 -0.525144 -0.817489
0.436696 -0.465552 -0.852414
0.439441 -0.404688 -0.884935
0.44539 -0.342746 -0.91475
0.454347 -0.279875 -0.941407
0.466005 -0.216238 -0.964368
0.479955 -0.15206 -0.983086
0.495683 -0.0876497 -0.997097
0.512586 -0.0233978 -1.00611
0.529996 0.0402653 -1.01004
0.547212 0.102926 -1.00907
0.563542 0.164239 -1.00352
0.578356 0.223946 -0.993798
0.59114 0.281873 -0.980322
0.601527 0.337918 -0.963441
0.609296 0.392045 -0.943422
0.614346 0.44428 -0.920435
0.616643 0.494702 -0.894558
0.616184 0.543412 -0.865789
0.612968 0.590499 -0.834067
0.607006 0.63599 -0.799296
0.598347 0.679825 -0.761365
0.58713 0.721831 -0.720169
0.573621 0.761721 -0.675609
0.558238 0.799109 -0.627606
0.541539 0.833531 -0.576125
0.524179 0.864501 -0.521216
0.506861 0.891587 -0.463061
0.490278 0.9145 -0.401983
0.47508 0.933157 -0.338423
0.461842 0.947687 -0.272879
0.451044 0.958382 -0.205843
0.443061 0.965624 -0.137765
0.438163 0.969784 -0.0690377
0.436203 0.970761 2.11009e-17
0.437842 0.969413 0.0690381
Ascii values of ux, uy and uz follow
0.456103 0.990722 -0.0690141
0.454402 0.99303 -6.74517e-18
0.456528 0.991195 0.0690136
0.462777 0.985651 0.137534
0.472769 0.97629 0.205085
0.485912 0.96296 0.271224
0.501453 0.945514 0.33554
0.518562 0.923866 0.397649
0.536421 0.898037 0.457185
0.554284 0.868177 0.513797
0.571512 0.834565 0.567172
0.587574 0.797598 0.617067
0.602027 0.757764 0.66336
0.614518 0.715589 0.706076
0.624783 0.671578 0.745383
0.632657 0.626139 0.781556
0.638059 0.579538 0.814923
0.640967 0.531874 0.845801
0.641382 0.483088 0.87444
0.639306 0.433 0.900977
0.634734 0.381372 0.925391
0.627679 0.327964 0.947496
0.618197 0.272594 0.966943
0.606423 0.215187 0.983266
0.592589 0.155801 0.995945
0.577019 0.0946349 1.00449
0.560125 0.0320067 1.00849
0.542409 -0.0316885 1.00768
0.524471 -0.0960344 1.00193
0.507023 -0.160639 0.991249
0.490866 -0.225158 0.975755
0.476835 -0.289292 0.955688
0.465717 -0.35276 0.931361
0.458166 -0.415266 0.903126
0.454639 -0.47647 0.871328
0.455349 -0.535979 0.836264
0.460254 -0.593359 0.798172
0.469055 -0.648148 0.757218
0.481225 -0.69988 0.713506
0.496056 -0.748113 0.667113
0.512736 -0.792452 0.618139
0.530433 -0.832566 0.566752
0.548371 -0.8682 0.513223
0.565875 -0.899185 0.45792
0.582378 -0.925468 0.401293
0.597412 -0.947135 0.343824
0.61059 -0.964424 0.285977
0.62162 -0.9777 0.228139
0.630304 -0.987401 0.170576
0.636535 -0.993959 0.113405
0.640275 -0.997736 0.0565956
0.641521 -0.998968 -4.68819e-16
0.640275 -0.997736 -0.0565956
0.636535 -0.993959 -0.113405
0.630304 -0.987401 -0.170576
0.62162 -0.9777 -0.228139
0.61059 -0.964424 -0.285977
0.597412 -0.947135 -0.343824
0.582378 -0.925468 -0.401293
0.565875 -0.899185 -0.45792
0.548371 -0.8682 -0.513223
0.530433 -0.832566 -0.566752
0.512736 -0.792452 -0.618139
0.496056 -0.748113 -0.667113
0.481225 -0.69988 -0.713506
0.469055 -0.648148 -0.757218
0.460254 -0.593359 -0.798172
0.455349 -0.535979 -0.836264
0.454639 -0.47647 -0.871328
0.458166 -0.415266 -0.903126
0.465717 -0.35276 -0.931361
0.476835 -0.289292 -0.955688
0.490866 -0.225158 -0.975755
0.507023 -0.160639 -0.991249
0.524471 -0.0960344 -1.00193
0.542409 -0.0316885 -1.00768
0.560125 0.0320067 -1.00849
0.577019 0.0946349 -1.00449
0.592589 0.155801 -0.995945
0.606423 0.215187 -0.983266
0.618197 0.272594 -0.966943
0.627679 0.327964 -0.947496
0.634734 0.381372 -0.925391
0.639306 0.433 -0.900977
0.641382 0.483088 -0.87444
0.640967 0.531874 -0.845801
0.638059 0.579538 -0.814923
0.632657 0.626139 -0.781556
0.624783 0.671578 -0.745383
0.614518 0.715589 -0.706076
0.602027 0.757764 -0.66336
0.587574 0.797598 -0.617067
0.571512 0.834565 -0.567172
0.554284 0.868177 -0.513797
0.536421 0.898037 -0.457185
0.518562 0.923866 -0.397649
0.501453 0.945514 -0.33554
0.485912 0.96296 -0.271224
0.472769 0.97629 -0.205085
0.462777 0.985651 -0.137534
0.456528 0.991195 -0.0690136
0.453983 0.992545 -3.8431e-18
0.456103 0.990722 0.0690141
Ascii values of ux, uy and uz follow
0.481105 1.01522 -0.0689901
0.47952 1.01825 3.60661e-18
0.481681 1.01571 0.0689899
0.488052 1.00814 0.137305
0.498305 0.99577 0.204331
0.511893 0.97882 0.269545
0.528073 0.957502 0.332523
0.545946 0.931991 0.392927
0.564534 0.902486 0.450498
0.582879 0.869263 0.505045
0.600137 0.83271 0.556441
0.615654 0.793311 0.604618
0.629002 0.751602 0.649572
0.639982 0.7081 0.691361
0.648578 0.663244 0.73011
0.654897 0.617339 0.765998
0.659091 0.570528 0.799245
0.6613 0.5228 0.830081
0.661613 0.474009 0.858715
0.660042 0.423927 0.885296
0.656523 0.372299 0.909884
0.65093 0.318896 0.932416
0.643109 0.263568 0.952702
0.632929 0.206271 0.970424
0.620358 0.147081 0.985166
0.605529 0.0861766 0.996455
0.588789 0.0238125 1.00382
0.570721 -0.0397172 1.00684
0.552111 -0.104108 1.00521
0.53389 -0.169057 0.998731
0.51704 -0.234251 0.987344
0.502497 -0.299333 0.971047
0.491061 -0.363865 0.949869
0.483349 -0.427307 0.923854
0.479761 -0.48904 0.893103
0.480483 -0.548428 0.857833
0.485477 -0.604894 0.818411
0.494486 -0.657969 0.775301
0.507035 -0.707288 0.728986
0.522445 -0.752569 0.679885
0.53986 -0.793585 0.628338
0.558319 -0.830183 0.574647
0.576846 -0.862299 0.519129
0.59455 -0.889981 0.462164
0.610706 -0.913382 0.404188
0.62481 -0.932741 0.345669
0.636589 -0.948357 0.287049
0.645973 -0.960554 0.228686
0.653035 -0.96965 0.170803
0.657919 -0.975925 0.113469
0.660777 -0.979598 0.056602
0.661717 -0.980807 -5.30936e-16
0.660777 -0.979598 -0.056602
0.657919 -0.975925 -0.113469
0.653035 -0.96965 -0.170803
0.645973 -0.960554 -0.228686
0.636589 -0.948357 -0.287049
0.62481 -0.932741 -0.345669
0.610706 -0.913382 -0.404188
0.59455 -0.889981 -0.462164
0.576846 -0.862299 -0.519129
0.558319 -0.830183 -0.574647
0.53986 -0.793585 -0.628338
0.522445 -0.752569 -0.679885
0.507035 -0.707288 -0.728986
0.494486 -0.657969 -0.775301
0.485477 -0.604894 -0.818411
0.480483 -0.548428 -0.857833
0.479761 -0.48904 -0.893103
0.483349 -0.427307 -0.923854
0.491061 -0.363865 -0.949869
0.502497 -0.299333 -0.971047
0.51704 -0.234251 -0.987344
0.53389 -0.169057 -0.998731
0.552111 -0.104108 -1.00521
0.570721 -0.0397172 -1.00684
0.588789 0.0238125 -1.00382
0.605529 0.0861766 -0.996455
0.620358 0.147081 -0.985166
0.632929 0.206271 -0.970424
0.643109 0.263568 -0.952702
0.65093 0.318896 -0.932416
0.656523 0.372299 -0.909884
0.660042 0.423927 -0.885296
0.661613 0.474009 -0.858715
0.6613 0.5228 -0.830081
0.659091 0.570528 -0.799245
0.654897 0.617339 -0.765998
0.648578 0.663244 -0.73011
0.639982 0.7081 -0.691361
0.629002 0.751602 -0.649572
0.615654 0.793311 -0.604618
0.600137 0.83271 -0.556441
0.582879 0.869263 -0.505045
0.564534 0.902486 -0.450498
0.545946 0.931991 -0.392927
0.528073 0.957502 -0.332523
0.511893 0.97882 -0.269545
0.498305 0.99577 -0.204331
0.488052 1.00814 -0.137305
0.481681 1.01571 -0.0689899
0.478938 1.01776 7.80434e-18
0.481105 1.01522 0.0689901
Ascii values of ux, uy and uz follow
0.512358 1.03905 -0.0689729
0.510901 1.04253 1.06284e-16
0.513044 1.03953 0.0689723
0.519317 1.03057 0.137128
0.52928 1.01579 0.203708
0.542261 0.995441 0.268068
0.557447 0.969939 0.329724
0.573976 0.939853 0.38838
0.591009 0.905873 0.44393
0.60778 0.868728 0.496415
0.623625 0.829099 0.545951
0.638017 0.787556 0.592654
0.650585 0.744541 0.636591
0.661118 0.70037 0.677789
0.669536 0.655252 0.716273
0.675847 0.609298 0.752099
0.680106 0.562516 0.785378
0.682376 0.514819 0.816258
0.682699 0.466033 0.8449
0.681081 0.415932 0.871443
0.677491 0.364284 0.895979
0.671871 0.310892 0.91853
0.66416 0.255637 0.939057
0.654329 0.198493 0.957454
0.642422 0.13952 0.973555
0.628605 0.0788389 0.987106
0.613193 0.0166041 0.997737
0.596664 -0.0470079 1.00494
0.579637 -0.111779 1.00809
0.56285 -0.177415 1.00653
0.547121 -0.243515 0.999659
0.53331 -0.309571 0.987064
0.522258 -0.374983 0.968552
0.514692 -0.439082 0.944154
0.51114 -0.501153 0.914085
0.511857 -0.560464 0.878687
0.516789 -0.616309 0.838382
0.525587 -0.66806 0.79365
0.537647 -0.715227 0.74502
0.552193 -0.75752 0.693074
0.56837 -0.794887 0.638442
0.585324 -0.827511 0.581775
0.602262 -0.855755 0.523703
0.618482 -0.880058 0.464787
0.633407 -0.900833 0.405496
0.646614 -0.918396 0.346206
0.657841 -0.932956 0.287208
0.666966 -0.944654 0.228701
0.673974 -0.953599 0.170788
0.67891 -0.959891 0.113461
0.681837 -0.963622 0.0566009
0.682806 -0.964858 -4.4018e-16
0.681837 -0.963622 -0.0566009
0.67891 -0.959891 -0.113461
0.673974 -0.953599 -0.170788
0.666966 -0.944654 -0.228701
0.657841 -0.932956 -0.287208
0.646614 -0.918396 -0.346206
0.633407 -0.900833 -0.405496
0.618482 -0.880058 -0.464787
0.602262 -0.855755 -0.523703
0.585324 -0.827511 -0.581775
0.56837 -0.794887 -0.638442
0.552193 -0.75752 -0.693074
0.537647 -0.715227 -0.74502
0.525587 -0.66806 -0.79365
0.516789 -0.616309 -0.838382
0.511857 -0.560464 -0.878687
0.51114 -0.501153 -0.914085
0.514692 -0.439082 -0.944154
0.522258 -0.374983 -0.968552
0.53331 -0.309571 -0.987064
0.547121 -0.243515 -0.999659
0.56285 -0.177415 -1.00653
0.579637 -0.111779 -1.00809
0.596664 -0.0470079 -1.00494
0.613193 0.0166041 -0.997737
0.628605 0.0788389 -0.987106
0.642422 0.13952 -0.973555
0.654329 0.198493 -0.957454
0.66416 0.255637 -0.939057
0.671871 0.310892 -0.91853
0.677491 0.364284 -0.895979
0.681081 0.415932 -0.871443
0.682699 0.466033 -0.8449
0.682376 0.514819 -0.816258
0.680106 0.562516 -0.785378
0.675847 0.609298 -0.752099
0.669536 0.655252 -0.716273
0.661118 0.70037 -0.677789
0.650585 0.744541 -0.636591
0.638017 0.787556 -0.592654
0.623625 0.829099 -0.545951
0.60778 0.868728 -0.496415
0.591009 0.905873 -0.44393
0.573976 0.939853 -0.38838
0.557447 0.969939 -0.329724
0.542261 0.995441 -0.268068
0.52928 1.01579 -0.203708
0.519317 1.03057 -0.137128
0.513044 1.03953 -0.0689723
0.510216 1.04204 1.05942e-16
0.512358 1.03905 0.0689729
